# solution IDs are scoped to this hipBLASLt version and device architecture
STRATA_HIPBLASLT_TUNING_V1 gfx1201 100200
bf16 1 2560 1 4096 66779
bf16 48 2560 96 4096 66889
bf16 48 2560 96 8192 66332
bf16 128 2560 128 4096 66332
bf16 128 2560 128 8192 66158
bf16 320 10240 320 4096 66885
bf16 320 10240 320 8192 66892
bf16 512 2560 512 8192 66408
bf16 2560 2560 2560 8192 66130
bf16 10240 320 10240 8192 66884
f16 512 2560 512 4096 80655
f16 512 2560 512 8192 80655
f16 640 2560 640 4096 80655
f16 640 2560 640 8192 80655
f16 2560 640 2560 4096 80941
f16 2560 640 2560 8192 80905
f16 2560 6144 2560 4096 80653
f16 2560 6144 2560 8192 80905
f16 6144 2560 6144 4096 80879
f16 6144 2560 6144 8192 80840
f16 10240 2560 10240 4096 80862
f16 10240 2560 10240 8192 80941
f16 12288 2560 12288 4096 81403
f16 12288 2560 12288 8192 80840
